;==================================
; Misc.
;==================================

;==========================================
; Level Changers
;==========================================

[pas_to_jup_sr]
section					= space_restrictor
position 				= -47.000480651855,8.006739616394,452.18865966797
level_vertex_id 		= 1234
game_vertex_id 			= 882
custom_data				= scripts\sr_teleport_logic.ltx
shape_type 				= 1
v1 						= 5,0,0
v2 						= 0,4,0
v3 						= 0,0,3
v4 						= 0,0,0

[pas_to_jup_lc]
section					= level_changer
position 				= -47.000480651855,38.006739616394,452.18865966797
level_vertex_id 		= 1246235
game_vertex_id 			= 882
dest_position 			= 334.46942138672,20.841920852661,-329.67962646484
dest_level_vertex_id 	= 1244194
dest_game_vertex_id 	= 369
dest_direction			= 0,4.5,0
dest_level_name			= jupiter
shape_type 				= 1
v1 						= 3,0,0
v2 						= 0,2,0
v3 						= 0,0,3
v4 						= 0,0,0

[pas_to_pri_sr]
section					= space_restrictor
position 				= 82.617126464844,10.879205703735,-222.54699707031
level_vertex_id 		= 40755
game_vertex_id 			= 932
custom_data				= scripts\sr_teleport_logic.ltx
shape_type 				= 1
v1 						= 3,0,0
v2 						= 0,1,0
v3 						= 0,0,3
v4 						= 0,0,0

[pas_to_pri_lc]
section					= level_changer
position 				= 82.617126464844,30.879205703735,-222.54699707031
level_vertex_id 		= 40755
game_vertex_id 			= 932
dest_position 			= 185.47514343262,-0.51357442140579,-258.38479614258
dest_level_vertex_id 	= 1244194
dest_game_vertex_id 	= 369
dest_direction			= 0,4.5,0
dest_level_name			= pripyat
shape_type 				= 1
v1 						= 3,0,0
v2 						= 0,2,0
v3 						= 0,0,3
v4 						= 0,0,0

